{
  "advancedEditorSelectedIdentifier" : "ProjectBrowser",
  "openSceneRelativePaths" : [
    "Piez.usda",
    "PortalBoxScene.usda",
    "BaseCatrina.usda",
    "Cuerpo.usda"
  ],
  "recentIdentifiers" : {
    "78E420BB-9DFA-4FA7-BA59-5EE83B40DF8F" : [

    ],
    "C6A7F375-BFE9-46E0-9EA6-1A6B150F43FD" : [

    ]
  },
  "sceneCameraHistory" : {
    "78E420BB-9DFA-4FA7-BA59-5EE83B40DF8F" : [
      {
        "date" : 750692041.69658,
        "title" : "Untitled",
        "transform" : [
          -0.13939397,
          -1.5674642e-09,
          -0.990237,
          0,
          -0.39022437,
          0.9190797,
          0.05493121,
          0,
          0.9101068,
          0.39407176,
          -0.12811415,
          0,
          1.1106416,
          1.0816829,
          -1.0573971,
          1
        ]
      },
      {
        "date" : 750658600.879743,
        "title" : "Untitled",
        "transform" : [
          -0.13939397,
          -1.5674642e-09,
          -0.990237,
          0,
          -0.39022437,
          0.9190797,
          0.05493121,
          0,
          0.9101068,
          0.39407176,
          -0.12811415,
          0,
          1.2722099,
          1.0238619,
          -0.087492935,
          1
        ]
      },
      {
        "date" : 750658362.466376,
        "title" : "Untitled",
        "transform" : [
          -0.13939397,
          -1.5674642e-09,
          -0.990237,
          0,
          -0.39022437,
          0.9190797,
          0.05493121,
          0,
          0.9101068,
          0.39407176,
          -0.12811415,
          0,
          1.3077677,
          0.9932408,
          0.07091809,
          1
        ]
      },
      {
        "date" : 750658359.901468,
        "title" : "Untitled",
        "transform" : [
          -0.13939397,
          -1.5674642e-09,
          -0.990237,
          0,
          -0.39022437,
          0.9190797,
          0.05493121,
          0,
          0.9101068,
          0.39407176,
          -0.12811415,
          0,
          2.2720459,
          1.475986,
          -0.5521544,
          1
        ]
      },
      {
        "date" : 750658357.898911,
        "title" : "Untitled",
        "transform" : [
          -0.13939397,
          -1.5674642e-09,
          -0.990237,
          0,
          -0.39022437,
          0.9190797,
          0.05493121,
          0,
          0.9101068,
          0.39407176,
          -0.12811415,
          0,
          5.6762524,
          3.6874561,
          -1.3794475,
          1
        ]
      },
      {
        "date" : 750658344.70769,
        "title" : "Untitled",
        "transform" : [
          -0.13939397,
          -1.5674642e-09,
          -0.990237,
          0,
          -0.39022437,
          0.9190797,
          0.05493121,
          0,
          0.9101068,
          0.39407176,
          -0.12811415,
          0,
          0.2755257,
          1.0917362,
          -0.03691084,
          1
        ]
      },
      {
        "date" : 750658295.516512,
        "title" : "Untitled",
        "transform" : [
          -0.13939387,
          -7.3926465e-10,
          -0.99023706,
          0,
          -0.3902244,
          0.9190797,
          0.054931175,
          0,
          0.9101067,
          0.3940717,
          -0.12811409,
          0,
          0.9771935,
          0.94312173,
          -0.14815119,
          1
        ]
      },
      {
        "date" : 750658291.333589,
        "title" : "Untitled",
        "transform" : [
          -0.13939387,
          -7.3926465e-10,
          -0.99023706,
          0,
          -0.3902244,
          0.9190797,
          0.054931175,
          0,
          0.9101067,
          0.3940717,
          -0.12811409,
          0,
          1.042992,
          0.79214364,
          -0.14512566,
          1
        ]
      },
      {
        "date" : 750658285.99919,
        "title" : "Untitled",
        "transform" : [
          -0.13939387,
          -7.3926465e-10,
          -0.99023706,
          0,
          -0.3902244,
          0.9190797,
          0.054931175,
          0,
          0.9101067,
          0.3940717,
          -0.12811409,
          0,
          0.34226975,
          0.18704565,
          -0.043280534,
          1
        ]
      },
      {
        "date" : 750658225.554609,
        "title" : "Untitled",
        "transform" : [
          -0.13939387,
          -7.3926465e-10,
          -0.99023706,
          0,
          -0.3902244,
          0.9190797,
          0.054931175,
          0,
          0.9101067,
          0.3940717,
          -0.12811409,
          0,
          0.13776314,
          0.045868218,
          -0.01845546,
          1
        ]
      }
    ],
    "A59F56C0-1D6B-4A55-8D18-19BD3B5E9F28" : [
      {
        "date" : 750485902.018821,
        "title" : "Untitled",
        "transform" : [
          0.37952918,
          -4.1785917e-09,
          0.92517984,
          0,
          0.24051303,
          0.96561843,
          -0.09866375,
          0,
          -0.8933707,
          0.25996357,
          0.36648038,
          0,
          -0.64452535,
          0.5898198,
          0.94666004,
          1
        ]
      },
      {
        "date" : 750485898.555447,
        "title" : "Untitled",
        "transform" : [
          0.9155177,
          -1.1864145e-08,
          0.40227762,
          0,
          0.19335786,
          0.8769083,
          -0.44005066,
          0,
          -0.35276058,
          0.4806577,
          0.8028251,
          0,
          -0.054445624,
          0.5596927,
          0.63255596,
          1
        ]
      },
      {
        "date" : 750485411.745882,
        "title" : "Untitled",
        "transform" : [
          0.91551775,
          5.843411e-09,
          0.40227765,
          0,
          0.19335784,
          0.87690824,
          -0.4400507,
          0,
          -0.35276058,
          0.48065773,
          0.80282503,
          0,
          -0.71024704,
          0.69577765,
          2.4928489,
          1
        ]
      },
      {
        "date" : 750485397.846206,
        "title" : "Untitled",
        "transform" : [
          0.91551775,
          5.843411e-09,
          0.40227765,
          0,
          0.19335784,
          0.87690824,
          -0.4400507,
          0,
          -0.35276058,
          0.48065773,
          0.80282503,
          0,
          0.15446281,
          0.7623081,
          2.8329694,
          1
        ]
      },
      {
        "date" : 750485392.129469,
        "title" : "Untitled",
        "transform" : [
          0.91551775,
          5.843411e-09,
          0.40227765,
          0,
          0.19335784,
          0.87690824,
          -0.4400507,
          0,
          -0.35276058,
          0.48065773,
          0.80282503,
          0,
          -0.9621774,
          0.60430956,
          2.436914,
          1
        ]
      },
      {
        "date" : 750485385.812345,
        "title" : "Untitled",
        "transform" : [
          0.91551775,
          5.843411e-09,
          0.40227765,
          0,
          0.19335784,
          0.87690824,
          -0.4400507,
          0,
          -0.35276058,
          0.48065773,
          0.80282503,
          0,
          -1.1256576,
          0.8340218,
          2.2275505,
          1
        ]
      },
      {
        "date" : 750485365.185254,
        "title" : "Untitled",
        "transform" : [
          0.91551775,
          5.843411e-09,
          0.40227765,
          0,
          0.19335787,
          0.87690836,
          -0.44005075,
          0,
          -0.3527606,
          0.4806578,
          0.80282515,
          0,
          -1.4561708,
          0.58210945,
          2.233145,
          1
        ]
      },
      {
        "date" : 750485334.549934,
        "title" : "Untitled",
        "transform" : [
          1,
          0,
          0,
          0,
          0,
          0.7071069,
          -0.70710677,
          0,
          0,
          0.70710677,
          0.7071069,
          0,
          -0.43480587,
          1.2957711,
          2.361809,
          1
        ]
      },
      {
        "date" : 750485317.662448,
        "title" : "Untitled",
        "transform" : [
          1,
          0,
          0,
          0,
          0,
          0.7071069,
          -0.70710677,
          0,
          0,
          0.70710677,
          0.7071069,
          0,
          -1.1158472,
          1.5031174,
          2.1544633,
          1
        ]
      },
      {
        "date" : 750485261.264162,
        "title" : "Untitled",
        "transform" : [
          1,
          0,
          0,
          0,
          0,
          0.7071069,
          -0.70710677,
          0,
          0,
          0.70710677,
          0.7071069,
          0,
          0.3740766,
          1.8174326,
          1.8401481,
          1
        ]
      }
    ],
    "C6A7F375-BFE9-46E0-9EA6-1A6B150F43FD" : [
      {
        "date" : 750466628.698558,
        "title" : "Untitled",
        "transform" : [
          0.79709566,
          3.3566055e-10,
          0.60385305,
          0,
          0.42115095,
          0.71664375,
          -0.55592597,
          0,
          -0.4327475,
          0.6974395,
          0.57123363,
          0,
          -1.3823676,
          2.3038292,
          0.6675073,
          1
        ]
      },
      {
        "date" : 750461872.593998,
        "title" : "Untitled",
        "transform" : [
          0.79709566,
          3.3566055e-10,
          0.60385305,
          0,
          0.42115095,
          0.71664375,
          -0.55592597,
          0,
          -0.4327475,
          0.6974395,
          0.57123363,
          0,
          -1.5499785,
          2.8255289,
          -0.096431255,
          1
        ]
      },
      {
        "date" : 750461869.056719,
        "title" : "Untitled",
        "transform" : [
          0.79709566,
          3.3566055e-10,
          0.60385305,
          0,
          0.42115095,
          0.71664375,
          -0.55592597,
          0,
          -0.4327475,
          0.6974395,
          0.57123363,
          0,
          -1.3843431,
          2.1932807,
          0.8009834,
          1
        ]
      },
      {
        "date" : 750461865.661324,
        "title" : "Untitled",
        "transform" : [
          0.79709566,
          3.3566055e-10,
          0.60385305,
          0,
          0.42115095,
          0.71664375,
          -0.55592597,
          0,
          -0.4327475,
          0.6974395,
          0.57123363,
          0,
          -1.3843431,
          2.1932807,
          0.8009834,
          1
        ]
      },
      {
        "date" : 750461857.080504,
        "title" : "Untitled",
        "transform" : [
          0.79709566,
          3.3566055e-10,
          0.60385305,
          0,
          0.42115095,
          0.71664375,
          -0.55592597,
          0,
          -0.4327475,
          0.6974395,
          0.57123363,
          0,
          -1.1192148,
          1.8037878,
          1.4773813,
          1
        ]
      }
    ]
  },
  "sceneViewportBackgroundColors" : {

  },
  "selectedSceneRelativePath" : "Cuerpo.usda"
}