{
  "advancedEditorSelectedIdentifier" : "ProjectBrowser",
  "openSceneRelativePaths" : [
    "particulas_seleccion.usda",
    "CatrinaBase.usda",
    "vitral.usda"
  ],
  "recentIdentifiers" : {
    "1065C911-5159-4E8E-A3B4-E5B0B7A93899" : [

    ],
    "1320F118-D846-4FA0-BF82-152DE6A6AFA1" : [

    ],
    "2208FE1B-6E1D-4F56-9CC8-F7135ABC3AAA" : [

    ],
    "2A2C9DC1-30D3-4486-BD21-9717E81E98D5" : [

    ],
    "2D00DBC5-1DA0-44C9-9CD2-F413493E22B9" : [

    ],
    "4DADB558-E33E-4B57-9E16-4A988EC4FE9A" : [

    ],
    "51907D8B-A4A9-4504-9651-25CE7F599B7F" : [

    ],
    "627CAED2-93E6-4282-8BB6-58662819B8E0" : [

    ],
    "69EF19CA-05E4-4DD3-8D5F-8C1957FA451A" : [

    ],
    "739547CF-D923-4F52-8EB2-5E78140A1895" : [

    ],
    "A337149B-1690-4FCB-B6B0-04DD6D4ACEFD" : [

    ],
    "CCFCD644-F5FC-4B9A-9125-EB72E577A20E" : [

    ],
    "DD4F8776-B206-4CFC-89D9-E6B02B3963BF" : [

    ],
    "E671CC9A-C82C-4E0E-89B1-8B8A6C310C55" : [

    ],
    "F2155AD8-F4E8-4213-9844-CB3F92D38D10" : [

    ]
  },
  "sceneCameraHistory" : {
    "1065C911-5159-4E8E-A3B4-E5B0B7A93899" : [
      {
        "date" : 752178549.667141,
        "title" : "Untitled",
        "transform" : [
          -0.866655,
          2.0290685e-09,
          0.49890777,
          0,
          -0.2122693,
          0.90497345,
          -0.3687339,
          0,
          -0.4514983,
          -0.42546788,
          -0.78429985,
          0,
          -0.2602129,
          -0.124802954,
          -0.41389042,
          1
        ]
      },
      {
        "date" : 752178548.516242,
        "title" : "Untitled",
        "transform" : [
          -0.866655,
          2.0290685e-09,
          0.49890777,
          0,
          -0.2122693,
          0.90497345,
          -0.3687339,
          0,
          -0.4514983,
          -0.42546788,
          -0.78429985,
          0,
          -0.41123393,
          -0.19723547,
          -0.654102,
          1
        ]
      },
      {
        "date" : 752178536.834458,
        "title" : "Untitled",
        "transform" : [
          -0.866655,
          2.0290685e-09,
          0.49890777,
          0,
          -0.2122693,
          0.90497345,
          -0.3687339,
          0,
          -0.4514983,
          -0.42546788,
          -0.78429985,
          0,
          -0.69494885,
          -0.33331043,
          -1.1053743,
          1
        ]
      },
      {
        "date" : 752178534.268464,
        "title" : "Untitled",
        "transform" : [
          -0.866655,
          2.0290685e-09,
          0.49890777,
          0,
          -0.2122693,
          0.90497345,
          -0.3687339,
          0,
          -0.4514983,
          -0.42546788,
          -0.78429985,
          0,
          -0.72741294,
          -0.5635615,
          -0.9617789,
          1
        ]
      },
      {
        "date" : 752178500.152205,
        "title" : "Untitled",
        "transform" : [
          -0.866655,
          2.0290685e-09,
          0.49890777,
          0,
          -0.2122693,
          0.90497345,
          -0.3687339,
          0,
          -0.4514983,
          -0.42546788,
          -0.78429985,
          0,
          -0.1438713,
          -0.11146396,
          -0.19022536,
          1
        ]
      },
      {
        "date" : 752178279.337286,
        "title" : "Untitled",
        "transform" : [
          -0.866655,
          2.0290685e-09,
          0.49890777,
          0,
          -0.2122693,
          0.90497345,
          -0.3687339,
          0,
          -0.4514983,
          -0.42546788,
          -0.78429985,
          0,
          -0.91436976,
          -0.70840585,
          -1.2089716,
          1
        ]
      },
      {
        "date" : 752178268.3709,
        "title" : "Untitled",
        "transform" : [
          -0.866655,
          2.0290685e-09,
          0.49890777,
          0,
          -0.2122693,
          0.90497345,
          -0.3687339,
          0,
          -0.4514983,
          -0.42546788,
          -0.78429985,
          0,
          -1.0296721,
          -0.52963984,
          -1.2395735,
          1
        ]
      },
      {
        "date" : 752177070.884075,
        "title" : "Untitled",
        "transform" : [
          -0.866655,
          2.0290685e-09,
          0.49890777,
          0,
          -0.2122693,
          0.90497345,
          -0.3687339,
          0,
          -0.4514983,
          -0.42546788,
          -0.78429985,
          0,
          -1.0920559,
          -0.64598,
          -1.1405483,
          1
        ]
      },
      {
        "date" : 752175803.377479,
        "title" : "Untitled",
        "transform" : [
          -0.866655,
          2.0290685e-09,
          0.49890777,
          0,
          -0.2122693,
          0.90497345,
          -0.3687339,
          0,
          -0.4514983,
          -0.42546788,
          -0.78429985,
          0,
          -1.0750818,
          -0.78785694,
          -1.0733542,
          1
        ]
      },
      {
        "date" : 752174589.391655,
        "title" : "Untitled",
        "transform" : [
          -0.866655,
          2.0290685e-09,
          0.49890777,
          0,
          -0.2122693,
          0.90497345,
          -0.3687339,
          0,
          -0.4514983,
          -0.42546788,
          -0.78429985,
          0,
          -0.8839743,
          -0.8843342,
          -1.131032,
          1
        ]
      }
    ],
    "1320F118-D846-4FA0-BF82-152DE6A6AFA1" : [
      {
        "date" : 752110921.637396,
        "title" : "Untitled",
        "transform" : [
          0.99941903,
          0,
          -0.034081534,
          0,
          -0.024099281,
          0.7071068,
          -0.7066959,
          0,
          0.024099289,
          0.70710677,
          0.7066961,
          0,
          0.814977,
          2.2321277,
          1.4200994,
          1
        ]
      },
      {
        "date" : 752110916.637485,
        "title" : "Untitled",
        "transform" : [
          0.99941903,
          0,
          -0.034081534,
          0,
          -0.024099281,
          0.7071068,
          -0.7066959,
          0,
          0.024099289,
          0.70710677,
          0.7066961,
          0,
          1.3303273,
          2.1811264,
          1.4535567,
          1
        ]
      },
      {
        "date" : 752110910.654187,
        "title" : "Untitled",
        "transform" : [
          0.99941903,
          0,
          -0.034081534,
          0,
          -0.024099281,
          0.7071068,
          -0.7066959,
          0,
          0.024099289,
          0.70710677,
          0.7066961,
          0,
          1.6828363,
          2.149249,
          1.4734315,
          1
        ]
      },
      {
        "date" : 752110899.000428,
        "title" : "Untitled",
        "transform" : [
          0.99941903,
          0,
          -0.034081534,
          0,
          -0.024099281,
          0.7071068,
          -0.7066959,
          0,
          0.024099289,
          0.70710677,
          0.7066961,
          0,
          0.05763963,
          2.2448807,
          1.4331666,
          1
        ]
      },
      {
        "date" : 752110888.087667,
        "title" : "Untitled",
        "transform" : [
          0.99941903,
          0,
          -0.034081534,
          0,
          -0.024099281,
          0.7071068,
          -0.7066959,
          0,
          0.024099289,
          0.70710677,
          0.7066961,
          0,
          0.4988412,
          0.8034008,
          0.63283545,
          1
        ]
      },
      {
        "date" : 752107294.060864,
        "title" : "Untitled",
        "transform" : [
          0.99941903,
          0,
          -0.034081534,
          0,
          -0.024099281,
          0.7071068,
          -0.7066959,
          0,
          0.024099289,
          0.70710677,
          0.7066961,
          0,
          -0.00057798624,
          1.3987846,
          1.0397282,
          1
        ]
      },
      {
        "date" : 752105148.301039,
        "title" : "Untitled",
        "transform" : [
          0.99941903,
          0,
          -0.034081534,
          0,
          -0.024099281,
          0.7071068,
          -0.7066959,
          0,
          0.024099289,
          0.70710677,
          0.7066961,
          0,
          0.23804253,
          1.3573998,
          1.073,
          1
        ]
      },
      {
        "date" : 752105142.005589,
        "title" : "Untitled",
        "transform" : [
          0.99941903,
          0,
          -0.034081534,
          0,
          -0.024099281,
          0.7071068,
          -0.7066959,
          0,
          0.024099289,
          0.70710677,
          0.7066961,
          0,
          0.33575445,
          1.9145865,
          1.5134459,
          1
        ]
      },
      {
        "date" : 752105139.80674,
        "title" : "Untitled",
        "transform" : [
          0.99941903,
          0,
          -0.034081534,
          0,
          -0.024099281,
          0.7071068,
          -0.7066959,
          0,
          0.024099289,
          0.70710677,
          0.7066961,
          0,
          0.76686215,
          1.7719052,
          1.6415087,
          1
        ]
      },
      {
        "date" : 752105124.070985,
        "title" : "Untitled",
        "transform" : [
          0.99999106,
          0,
          0.004226672,
          0,
          0.002988708,
          0.7071068,
          -0.7071004,
          0,
          -0.002988709,
          0.70710677,
          0.7071006,
          0,
          1.3660724,
          3.9506416,
          1.8782284,
          1
        ]
      }
    ],
    "1512374E-8371-49CC-907C-F50A7CF8B23C" : [
      {
        "date" : 752108095.747049,
        "title" : "Untitled",
        "transform" : [
          1,
          0,
          0,
          0,
          0,
          0.7071069,
          -0.70710677,
          0,
          0,
          0.70710677,
          0.7071069,
          0,
          -0.07583059,
          1.504603,
          1.9335619,
          1
        ]
      },
      {
        "date" : 752108085.636255,
        "title" : "Untitled",
        "transform" : [
          1,
          0,
          0,
          0,
          0,
          0.7071069,
          -0.70710677,
          0,
          0,
          0.70710677,
          0.7071069,
          0,
          -0.050127327,
          1.3436658,
          2.7472577,
          1
        ]
      },
      {
        "date" : 752108083.347007,
        "title" : "Untitled",
        "transform" : [
          1,
          0,
          0,
          0,
          0,
          0.7071069,
          -0.70710677,
          0,
          0,
          0.70710677,
          0.7071069,
          0,
          0,
          3.6561067,
          3.6561072,
          1
        ]
      }
    ],
    "2208FE1B-6E1D-4F56-9CC8-F7135ABC3AAA" : [
      {
        "date" : 752107585.038691,
        "title" : "Untitled",
        "transform" : [
          1,
          0,
          0,
          0,
          0,
          0.7071069,
          -0.70710677,
          0,
          0,
          0.70710677,
          0.7071069,
          0,
          0.11163434,
          1.899472,
          0.81399477,
          1
        ]
      },
      {
        "date" : 752107583.434054,
        "title" : "Untitled",
        "transform" : [
          1,
          0,
          0,
          0,
          0,
          0.7071069,
          -0.70710677,
          0,
          0,
          0.70710677,
          0.7071069,
          0,
          -0.054603077,
          1.3540566,
          1.3594104,
          1
        ]
      },
      {
        "date" : 752033843.761298,
        "title" : "Untitled",
        "transform" : [
          1,
          0,
          0,
          0,
          0,
          0.7071069,
          -0.70710677,
          0,
          0,
          0.70710677,
          0.7071069,
          0,
          -0.32325137,
          6.972113,
          7.3476977,
          1
        ]
      },
      {
        "date" : 752017900.456518,
        "title" : "Untitled",
        "transform" : [
          1,
          0,
          0,
          0,
          0,
          0.7071069,
          -0.70710677,
          0,
          0,
          0.70710677,
          0.7071069,
          0,
          -0.5781304,
          1.0684588,
          1.6887995,
          1
        ]
      },
      {
        "date" : 752017898.436776,
        "title" : "Untitled",
        "transform" : [
          1,
          0,
          0,
          0,
          0,
          0.7071069,
          -0.70710677,
          0,
          0,
          0.70710677,
          0.7071069,
          0,
          -0.56452656,
          1.543049,
          1.21421,
          1
        ]
      },
      {
        "date" : 752017897.366371,
        "title" : "Untitled",
        "transform" : [
          1,
          0,
          0,
          0,
          0,
          0.7071069,
          -0.70710677,
          0,
          0,
          0.70710677,
          0.7071069,
          0,
          -0.56452656,
          1.5625732,
          1.1946857,
          1
        ]
      },
      {
        "date" : 752017875.808323,
        "title" : "Untitled",
        "transform" : [
          1,
          0,
          0,
          0,
          0,
          0.7071069,
          -0.70710677,
          0,
          0,
          0.70710677,
          0.7071069,
          0,
          -4.466801,
          26.448715,
          11.100644,
          1
        ]
      },
      {
        "date" : 752017847.631056,
        "title" : "Untitled",
        "transform" : [
          1,
          0,
          0,
          0,
          0,
          0.7071069,
          -0.70710677,
          0,
          0,
          0.70710677,
          0.7071069,
          0,
          -1.5967469,
          23.754488,
          13.7948675,
          1
        ]
      },
      {
        "date" : 752017838.042178,
        "title" : "Untitled",
        "transform" : [
          1,
          0,
          0,
          0,
          0,
          0.7071069,
          -0.70710677,
          0,
          0,
          0.70710677,
          0.7071069,
          0,
          0,
          70.71067,
          70.710686,
          1
        ]
      }
    ],
    "24D2E503-5B44-4A38-B94D-12645AC2D4E7" : [
      {
        "date" : 751846424.623685,
        "title" : "Untitled",
        "transform" : [
          1,
          0,
          0,
          0,
          0,
          0.7071069,
          -0.70710677,
          0,
          0,
          0.70710677,
          0.7071069,
          0,
          0.06671244,
          2.2935894,
          0.78872776,
          1
        ]
      },
      {
        "date" : 751846289.675631,
        "title" : "Untitled",
        "transform" : [
          1,
          0,
          0,
          0,
          0,
          0.7071069,
          -0.70710677,
          0,
          0,
          0.70710677,
          0.7071069,
          0,
          -0.28631338,
          1.6495492,
          1.4327676,
          1
        ]
      },
      {
        "date" : 751846287.192417,
        "title" : "Untitled",
        "transform" : [
          1,
          0,
          0,
          0,
          0,
          0.7071069,
          -0.70710677,
          0,
          0,
          0.70710677,
          0.7071069,
          0,
          -0.07867225,
          2.109171,
          0.9731462,
          1
        ]
      },
      {
        "date" : 751846284.641522,
        "title" : "Untitled",
        "transform" : [
          1,
          0,
          0,
          0,
          0,
          0.7071069,
          -0.70710677,
          0,
          0,
          0.70710677,
          0.7071069,
          0,
          -0.09186735,
          1.78266,
          1.2996573,
          1
        ]
      },
      {
        "date" : 751844629.211738,
        "title" : "Untitled",
        "transform" : [
          1,
          0,
          0,
          0,
          0,
          0.7071069,
          -0.70710677,
          0,
          0,
          0.70710677,
          0.7071069,
          0,
          -0.00061330944,
          1.4213126,
          1.6610043,
          1
        ]
      },
      {
        "date" : 751844626.894972,
        "title" : "Untitled",
        "transform" : [
          1,
          0,
          0,
          0,
          0,
          0.7071069,
          -0.70710677,
          0,
          0,
          0.70710677,
          0.7071069,
          0,
          0.032848783,
          1.8336957,
          1.248621,
          1
        ]
      },
      {
        "date" : 751844618.177161,
        "title" : "Untitled",
        "transform" : [
          1,
          0,
          0,
          0,
          0,
          0.7071069,
          -0.70710677,
          0,
          0,
          0.70710677,
          0.7071069,
          0,
          0.03284859,
          19.791538,
          17.778837,
          1
        ]
      }
    ],
    "2A2C9DC1-30D3-4486-BD21-9717E81E98D5" : [
      {
        "date" : 752119489.18526,
        "title" : "Untitled",
        "transform" : [
          0.86808836,
          4.593346e-09,
          0.49640986,
          0,
          0.16074145,
          0.9461228,
          -0.2810939,
          0,
          -0.46966472,
          0.32380798,
          0.8213182,
          0,
          -0.5079025,
          1.6007199,
          2.750012,
          1
        ]
      },
      {
        "date" : 752119487.310081,
        "title" : "Untitled",
        "transform" : [
          0.86808836,
          4.593346e-09,
          0.49640986,
          0,
          0.16074145,
          0.9461228,
          -0.2810939,
          0,
          -0.46966472,
          0.32380798,
          0.8213182,
          0,
          -0.4144528,
          1.3235488,
          2.912726,
          1
        ]
      },
      {
        "date" : 752119454.6146,
        "title" : "Untitled",
        "transform" : [
          0.86808836,
          4.593346e-09,
          0.49640986,
          0,
          0.16074145,
          0.9461228,
          -0.2810939,
          0,
          -0.46966472,
          0.32380798,
          0.8213182,
          0,
          -1.5631874,
          1.2751188,
          2.2749243,
          1
        ]
      },
      {
        "date" : 752119449.220172,
        "title" : "Untitled",
        "transform" : [
          0.86808836,
          4.593346e-09,
          0.49640986,
          0,
          0.16074145,
          0.9461228,
          -0.2810939,
          0,
          -0.46966472,
          0.32380798,
          0.8213182,
          0,
          -1.3249136,
          1.0415202,
          2.5032768,
          1
        ]
      },
      {
        "date" : 752119438.504163,
        "title" : "Untitled",
        "transform" : [
          0.86808836,
          4.593346e-09,
          0.49640986,
          0,
          0.16074145,
          0.9461228,
          -0.2810939,
          0,
          -0.46966472,
          0.32380798,
          0.8213182,
          0,
          -1.3290081,
          0.61901224,
          2.667511,
          1
        ]
      },
      {
        "date" : 752119435.216999,
        "title" : "Untitled",
        "transform" : [
          0.86808836,
          4.593346e-09,
          0.49640986,
          0,
          0.16074145,
          0.9461228,
          -0.2810939,
          0,
          -0.46966472,
          0.32380798,
          0.8213182,
          0,
          -0.75675964,
          1.8865604,
          2.4950113,
          1
        ]
      },
      {
        "date" : 752110974.870646,
        "title" : "Untitled",
        "transform" : [
          0.86808836,
          4.593346e-09,
          0.49640986,
          0,
          0.16074145,
          0.9461228,
          -0.2810939,
          0,
          -0.46966472,
          0.32380798,
          0.8213182,
          0,
          0.45798802,
          2.2244372,
          3.0564466,
          1
        ]
      },
      {
        "date" : 752110949.427567,
        "title" : "Untitled",
        "transform" : [
          0.86808836,
          4.593346e-09,
          0.49640986,
          0,
          0.16074145,
          0.9461228,
          -0.2810939,
          0,
          -0.46966472,
          0.32380798,
          0.8213182,
          0,
          0.8188503,
          2.1057918,
          3.3095794,
          1
        ]
      },
      {
        "date" : 752110943.809885,
        "title" : "Untitled",
        "transform" : [
          0.86808836,
          4.593346e-09,
          0.49640986,
          0,
          0.16074145,
          0.9461228,
          -0.2810939,
          0,
          -0.46966472,
          0.32380798,
          0.8213182,
          0,
          -1.2223442,
          2.1057985,
          2.142335,
          1
        ]
      },
      {
        "date" : 752108902.487463,
        "title" : "Untitled",
        "transform" : [
          0.8680883,
          -8.084675e-10,
          0.49640986,
          0,
          0.16074145,
          0.94612277,
          -0.2810939,
          0,
          -0.4696646,
          0.32380795,
          0.82131815,
          0,
          -0.6068437,
          1.9811149,
          2.4598365,
          1
        ]
      }
    ],
    "2D00DBC5-1DA0-44C9-9CD2-F413493E22B9" : [
      {
        "date" : 752174599.290601,
        "title" : "Untitled",
        "transform" : [
          1,
          0,
          0,
          0,
          0,
          0.7071069,
          -0.70710677,
          0,
          0,
          0.70710677,
          0.7071069,
          0,
          -0.27936447,
          1.2758664,
          1.1112981,
          1
        ]
      },
      {
        "date" : 752171844.915224,
        "title" : "Untitled",
        "transform" : [
          1,
          0,
          0,
          0,
          0,
          0.7071069,
          -0.70710677,
          0,
          0,
          0.70710677,
          0.7071069,
          0,
          -0.4372287,
          1.2592409,
          1.1279238,
          1
        ]
      },
      {
        "date" : 752171824.9482,
        "title" : "Untitled",
        "transform" : [
          1,
          0,
          0,
          0,
          0,
          0.7071069,
          -0.70710677,
          0,
          0,
          0.70710677,
          0.7071069,
          0,
          -0.47188213,
          0.6738508,
          1.7133139,
          1
        ]
      },
      {
        "date" : 752171822.018287,
        "title" : "Untitled",
        "transform" : [
          1,
          0,
          0,
          0,
          0,
          0.7071069,
          -0.70710677,
          0,
          0,
          0.70710677,
          0.7071069,
          0,
          -0.1216771,
          0.73238325,
          1.6547812,
          1
        ]
      },
      {
        "date" : 752171796.131834,
        "title" : "Untitled",
        "transform" : [
          1,
          0,
          0,
          0,
          0,
          0.7071069,
          -0.70710677,
          0,
          0,
          0.70710677,
          0.7071069,
          0,
          -0.33498406,
          1.0745686,
          1.3125958,
          1
        ]
      },
      {
        "date" : 752171759.515354,
        "title" : "Untitled",
        "transform" : [
          1,
          0,
          0,
          0,
          0,
          0.7071069,
          -0.70710677,
          0,
          0,
          0.70710677,
          0.7071069,
          0,
          -0.73767936,
          0.97846663,
          1.4086978,
          1
        ]
      },
      {
        "date" : 752171742.632499,
        "title" : "Untitled",
        "transform" : [
          1,
          0,
          0,
          0,
          0,
          0.7071069,
          -0.70710677,
          0,
          0,
          0.70710677,
          0.7071069,
          0,
          -0.02533397,
          0.9675766,
          1.4195877,
          1
        ]
      },
      {
        "date" : 752171705.800231,
        "title" : "Untitled",
        "transform" : [
          1,
          0,
          0,
          0,
          0,
          0.7071069,
          -0.70710677,
          0,
          0,
          0.70710677,
          0.7071069,
          0,
          0.0824801,
          1.1908385,
          1.1963259,
          1
        ]
      },
      {
        "date" : 752169925.138605,
        "title" : "Untitled",
        "transform" : [
          1,
          0,
          0,
          0,
          0,
          0.7071069,
          -0.70710677,
          0,
          0,
          0.70710677,
          0.7071069,
          0,
          -0.21678627,
          1.2201047,
          1.1670595,
          1
        ]
      },
      {
        "date" : 752169917.405818,
        "title" : "Untitled",
        "transform" : [
          1,
          0,
          0,
          0,
          0,
          0.7071069,
          -0.70710677,
          0,
          0,
          0.70710677,
          0.7071069,
          0,
          -0.53638,
          0.6292746,
          1.7578896,
          1
        ]
      }
    ],
    "4DADB558-E33E-4B57-9E16-4A988EC4FE9A" : [
      {
        "date" : 752034593.557979,
        "title" : "Untitled",
        "transform" : [
          0.84633267,
          4.722619e-09,
          -0.5326546,
          0,
          -0.09046007,
          0.9854736,
          -0.14373162,
          0,
          0.52491707,
          0.16982874,
          0.8340385,
          0,
          0.9237015,
          4.8106966,
          2.4479518,
          1
        ]
      },
      {
        "date" : 752034588.689247,
        "title" : "Untitled",
        "transform" : [
          0.84633267,
          5.112737e-09,
          -0.5326546,
          0,
          -0.09046006,
          0.9854736,
          -0.14373161,
          0,
          0.52491707,
          0.16982873,
          0.8340385,
          0,
          0.92370135,
          2.7011504,
          2.4479513,
          1
        ]
      },
      {
        "date" : 752034585.224497,
        "title" : "Untitled",
        "transform" : [
          0.84633267,
          5.799074e-09,
          -0.5326546,
          0,
          -0.09046006,
          0.98547363,
          -0.1437316,
          0,
          0.524917,
          0.16982877,
          0.8340386,
          0,
          0.6790128,
          0.61732376,
          -2.1324525,
          1
        ]
      },
      {
        "date" : 752034583.215546,
        "title" : "Untitled",
        "transform" : [
          0.84633267,
          5.799074e-09,
          -0.5326546,
          0,
          -0.09046006,
          0.98547363,
          -0.1437316,
          0,
          0.524917,
          0.16982877,
          0.8340386,
          0,
          -2.6770797,
          1.5596818,
          -0.21212101,
          1
        ]
      },
      {
        "date" : 752034563.127368,
        "title" : "Untitled",
        "transform" : [
          0.84633267,
          5.799074e-09,
          -0.5326546,
          0,
          -0.09046006,
          0.98547363,
          -0.1437316,
          0,
          0.524917,
          0.16982877,
          0.8340386,
          0,
          0.81472915,
          0.44008508,
          -2.1817768,
          1
        ]
      },
      {
        "date" : 752034559.2411,
        "title" : "Untitled",
        "transform" : [
          0.84633267,
          5.799074e-09,
          -0.5326546,
          0,
          -0.09046006,
          0.98547363,
          -0.1437316,
          0,
          0.524917,
          0.16982877,
          0.8340386,
          0,
          0.30359042,
          0.7386233,
          -2.5858347,
          1
        ]
      },
      {
        "date" : 752034558.231595,
        "title" : "Untitled",
        "transform" : [
          0.84633267,
          5.799074e-09,
          -0.5326546,
          0,
          -0.09046006,
          0.98547363,
          -0.1437316,
          0,
          0.524917,
          0.16982877,
          0.8340386,
          0,
          1.4090331,
          1.0962739,
          -0.829399,
          1
        ]
      },
      {
        "date" : 752034556.66056,
        "title" : "Untitled",
        "transform" : [
          0.84633267,
          5.799074e-09,
          -0.5326546,
          0,
          -0.09046006,
          0.98547363,
          -0.1437316,
          0,
          0.524917,
          0.16982877,
          0.8340386,
          0,
          1.277675,
          0.38645077,
          -0.6021905,
          1
        ]
      },
      {
        "date" : 752034555.032252,
        "title" : "Untitled",
        "transform" : [
          0.84633267,
          5.799074e-09,
          -0.5326546,
          0,
          -0.09046006,
          0.98547363,
          -0.1437316,
          0,
          0.524917,
          0.16982877,
          0.8340386,
          0,
          1.267504,
          0.24646854,
          -0.56728584,
          1
        ]
      },
      {
        "date" : 752034545.662964,
        "title" : "Untitled",
        "transform" : [
          0.84633255,
          5.799073e-09,
          -0.5326545,
          0,
          -0.090460055,
          0.9854735,
          -0.14373158,
          0,
          0.52491695,
          0.16982876,
          0.8340385,
          0,
          1.4866062,
          0.31735563,
          -0.21915483,
          1
        ]
      }
    ],
    "51907D8B-A4A9-4504-9651-25CE7F599B7F" : [
      {
        "date" : 752180071.77774,
        "title" : "Untitled",
        "transform" : [
          0.7652741,
          0.00041495188,
          0.6437045,
          0,
          -0.040811993,
          0.9980192,
          0.047876373,
          0,
          -0.64240944,
          -0.0629094,
          0.7637751,
          0,
          -0.10071945,
          -0.007464528,
          2.1265454,
          1
        ]
      },
      {
        "date" : 752178083.805561,
        "title" : "Untitled",
        "transform" : [
          0.76527405,
          0.00041495112,
          0.6437044,
          0,
          -0.04081201,
          0.99801916,
          0.047876358,
          0,
          -0.6424095,
          -0.06290944,
          0.7637751,
          0,
          -2.4726243,
          0.7774407,
          3.64829,
          1
        ]
      },
      {
        "date" : 752178075.58876,
        "title" : "Untitled",
        "transform" : [
          0.76527405,
          0.00041495112,
          0.6437044,
          0,
          -0.04081201,
          0.99801916,
          0.047876358,
          0,
          -0.6424095,
          -0.06290944,
          0.7637751,
          0,
          -52.708214,
          -4.7508774,
          62.679108,
          1
        ]
      },
      {
        "date" : 752178055.339371,
        "title" : "Untitled",
        "transform" : [
          0.76527405,
          0.00041495112,
          0.6437044,
          0,
          -0.04081201,
          0.99801916,
          0.047876358,
          0,
          -0.6424095,
          -0.06290944,
          0.7637751,
          0,
          -1.2504326,
          0.54483,
          1.2243474,
          1
        ]
      },
      {
        "date" : 752178046.755952,
        "title" : "Untitled",
        "transform" : [
          0.76527405,
          0.00041495112,
          0.6437044,
          0,
          -0.04081201,
          0.99801916,
          0.047876358,
          0,
          -0.6424095,
          -0.06290944,
          0.7637751,
          0,
          -1.3279375,
          0.81451035,
          1.1813709,
          1
        ]
      },
      {
        "date" : 752178030.939879,
        "title" : "Untitled",
        "transform" : [
          0.76527405,
          0.00041495112,
          0.6437044,
          0,
          -0.04081201,
          0.99801916,
          0.047876358,
          0,
          -0.6424095,
          -0.06290944,
          0.7637751,
          0,
          -1.4113891,
          0.44414023,
          1.0806732,
          1
        ]
      },
      {
        "date" : 752178013.873043,
        "title" : "Untitled",
        "transform" : [
          0.76527405,
          0.00041495112,
          0.6437044,
          0,
          -0.04081201,
          0.99801916,
          0.047876358,
          0,
          -0.6424095,
          -0.06290944,
          0.7637751,
          0,
          -2.2603045,
          0.54709935,
          1.3038961,
          1
        ]
      },
      {
        "date" : 752177991.256879,
        "title" : "Untitled",
        "transform" : [
          0.76527405,
          0.00041495112,
          0.6437044,
          0,
          -0.04081201,
          0.99801916,
          0.047876358,
          0,
          -0.6424095,
          -0.06290944,
          0.7637751,
          0,
          -1.858111,
          0.57121927,
          1.644167,
          1
        ]
      },
      {
        "date" : 752177905.275357,
        "title" : "Untitled",
        "transform" : [
          0.76527417,
          0.00041495118,
          0.6437045,
          0,
          -0.04081201,
          0.99801916,
          0.047876358,
          0,
          -0.6424095,
          -0.06290944,
          0.7637751,
          0,
          -1.7102838,
          0.8510429,
          1.7915521,
          1
        ]
      },
      {
        "date" : 752177887.874064,
        "title" : "Untitled",
        "transform" : [
          0.7540449,
          0.0004149694,
          0.6568228,
          0,
          0.19911584,
          0.95279825,
          -0.2291907,
          0,
          -0.6259147,
          0.3036039,
          0.71837,
          0,
          -1.4276191,
          1.6901815,
          1.4014969,
          1
        ]
      }
    ],
    "627CAED2-93E6-4282-8BB6-58662819B8E0" : [
      {
        "date" : 752130346.516618,
        "title" : "Untitled",
        "transform" : [
          0.9999843,
          3.56695e-10,
          0.0055999462,
          0,
          0.0039597596,
          0.7071068,
          -0.7070957,
          0,
          -0.0039597605,
          0.70710677,
          0.70709574,
          0,
          -0.009371042,
          2.5815277,
          1.3428516,
          1
        ]
      },
      {
        "date" : 752119266.175016,
        "title" : "Untitled",
        "transform" : [
          0.9999843,
          0,
          0.0055999462,
          0,
          0.00395976,
          0.7071069,
          -0.7070957,
          0,
          -0.0039597605,
          0.70710677,
          0.7070958,
          0,
          1.5680795,
          2.5577302,
          2.429022,
          1
        ]
      },
      {
        "date" : 752119264.539411,
        "title" : "Untitled",
        "transform" : [
          0.9999843,
          0,
          0.0055999462,
          0,
          0.00395976,
          0.7071069,
          -0.7070957,
          0,
          -0.0039597605,
          0.70710677,
          0.7070958,
          0,
          1.5797092,
          0.48129326,
          0.35261714,
          1
        ]
      },
      {
        "date" : 752119244.989795,
        "title" : "Untitled",
        "transform" : [
          0.9999843,
          0,
          0.0055999462,
          0,
          0.00395976,
          0.7071069,
          -0.7070957,
          0,
          -0.0039597605,
          0.70710677,
          0.7070958,
          0,
          1.8052658,
          0.44719726,
          0.38797677,
          1
        ]
      },
      {
        "date" : 752119237.773181,
        "title" : "Untitled",
        "transform" : [
          0.9999843,
          0,
          0.0055999462,
          0,
          0.00395976,
          0.7071069,
          -0.7070957,
          0,
          -0.0039597605,
          0.70710677,
          0.7070958,
          0,
          1.1152472,
          0.50709844,
          0.3242104,
          1
        ]
      },
      {
        "date" : 752119229.606276,
        "title" : "Untitled",
        "transform" : [
          0.9999843,
          0,
          0.0055999462,
          0,
          0.00395976,
          0.7071069,
          -0.7070957,
          0,
          -0.0039597605,
          0.70710677,
          0.7070958,
          0,
          -0.09388588,
          1.5742646,
          0.6436049,
          1
        ]
      },
      {
        "date" : 752119199.974738,
        "title" : "Untitled",
        "transform" : [
          0.9999843,
          0,
          0.0055999462,
          0,
          0.00395976,
          0.7071069,
          -0.7070957,
          0,
          -0.0039597605,
          0.70710677,
          0.7070958,
          0,
          0.1561631,
          6.9278855,
          0.80551195,
          1
        ]
      },
      {
        "date" : 752119196.773492,
        "title" : "Untitled",
        "transform" : [
          0.9999843,
          0,
          0.0055999462,
          0,
          0.00395976,
          0.7071069,
          -0.7070957,
          0,
          -0.0039597605,
          0.70710677,
          0.7070958,
          0,
          -0.38347095,
          6.000296,
          0.77299523,
          1
        ]
      },
      {
        "date" : 752119194.491409,
        "title" : "Untitled",
        "transform" : [
          0.9999843,
          0,
          0.0055999462,
          0,
          0.00395976,
          0.7071069,
          -0.7070957,
          0,
          -0.0039597605,
          0.70710677,
          0.7070958,
          0,
          0.020845234,
          4.924989,
          1.8505824,
          1
        ]
      },
      {
        "date" : 752119161.524359,
        "title" : "Untitled",
        "transform" : [
          1,
          0,
          0,
          0,
          0,
          0.7071069,
          -0.70710677,
          0,
          0,
          0.70710677,
          0.7071069,
          0,
          0.18384941,
          1.9736731,
          0.9513267,
          1
        ]
      }
    ],
    "69EF19CA-05E4-4DD3-8D5F-8C1957FA451A" : [
      {
        "date" : 752174596.308216,
        "title" : "Untitled",
        "transform" : [
          0.99999225,
          0,
          -0.0039367573,
          0,
          -0.0027837078,
          0.7071069,
          -0.7071013,
          0,
          0.0027837083,
          0.70710677,
          0.7071014,
          0,
          0.5126081,
          1.6347417,
          0.50759304,
          1
        ]
      },
      {
        "date" : 752174490.058282,
        "title" : "Untitled",
        "transform" : [
          1,
          0,
          0,
          0,
          0,
          0.7071069,
          -0.70710677,
          0,
          0,
          0.70710677,
          0.7071069,
          0,
          0.75907886,
          1.3196988,
          0.7310326,
          1
        ]
      },
      {
        "date" : 752174480.291216,
        "title" : "Untitled",
        "transform" : [
          1,
          0,
          0,
          0,
          0,
          0.7071069,
          -0.70710677,
          0,
          0,
          0.70710677,
          0.7071069,
          0,
          0.31600997,
          1.40866,
          0.64207137,
          1
        ]
      },
      {
        "date" : 752126729.781106,
        "title" : "Untitled",
        "transform" : [
          1,
          0,
          0,
          0,
          0,
          0.7071069,
          -0.70710677,
          0,
          0,
          0.70710677,
          0.7071069,
          0,
          -0.091504306,
          1.48215,
          0.56858146,
          1
        ]
      },
